245820243
238105955
261248704
178471538
113236310
246508811
085897768
202510180
049077694
033404206
038273970
182639782
015266365
054200472
049502710
251969471
242967157
146391006
177199613
115018133
043728929
203365367
001770677
074426208
256291814
039143225
053059869
062308579
183323047
023371792
196746623
197257376
043759177
205331537
186549149
190242137
084724997
167025034
067828638
088882204
017055584
060285508
152284414
060609561
055105335
019650930
046405878
193709714
060191838
253448262
212921159
078638535
215415453
173626785
143647231
087371610
011544793
052432545
058333136
173781740
232682850
132717970
028204809
146371232
011210872
268150719
068622050
187143494
263566893
200279938
215397590
088933109
113303671
047946178
074632897
191009720
218441760
196780092
109222451
098856573
190150758
236347498
227292334
265600058
119598842
066143467
157535676
215294866
160232998
134527200
057677541
072778220
154732816
257186537
180372288
260886822
062155984
253585981
254535404
071394646
205920664
222254833
194195331
105964122
056403204
142174702
027532333
156610947
239685083
229307730
245148151
044343340
167647862
040385677
029192881
251398562
114780506
087588975
114101182
038297732
212778740
101429603
240166307
064215978
103739172
061898806
243497041
178513261
106553912
245012885
016130875
090486608
025893312
006632696
130783904
221069852
184894373
060699209
179685040
247970810
219381564
111253401
208965817
163067380
098424431
148047120
227091159
218420682
198355171
100281666
108597956
267310175
189530087
259528387
017208149
253093222
191089157
233607580
253796582
123721849
027869152
263979333
021616670
230291736
123686731
000614926
035254438
109577593
031283532
100596039
262539550
125048208
131326182
206567853
062091815
106859888
144596512
209260585
061733218
006794509
204421089
041236799
079026939
017130186
180050578
053400453
159942269
209427633
099006738
118507597
020876579
225826251
050101397
026622641
111592888
240412530
137743822
082084056
074446971
120984824
217053220
102396012
055408415
248399136
201300728
156225104
068930146
257523177
029011596
066543432
233441590
199866461
163760051
024231750
013255997
022385907
155573432
059703594
034508105
091134440
094322384
065245621
263391054
072311893
053286406
084301768
081255904
041412554
040399092
150162198
068123744
162416181
232299292
079313885
241077866
132672337
253913293
046632189
060954068
097161767
070374380
156544692
245860159
049450099
153263833
100390429
172974068
084228178
203330025
199949594
257604592
172005974
216935573
087754259
081343658
146412414
030154202
163588858
067373591
192753062
212730072
241424849
058120353
012378635
065157768
233563010
104166121
203185089
221989677
142171397
251841354
163467693
220362897
252514732
254235005
134422077
087760746
220250172
045506364
223756214
238089089
230534780
162156733
190387987
145901677
247709171
121856469
030562259
073239233
165423737
085970289
124378237
037377856
024371071
248940421
060845696
117161789
230146789
139737060
039326555
054152203
145724278
081668645
124647298
219857011
093602235
123686156
078927411
074921532
221550433
204364093
017423422
085597274
073040789
236461923
264604282
151206788
084078455
233804751
266312371
108568986
103072048
244656565
009044737
056009534
161920241
121120276
053388435
125903429
180067895
031465345
222678293
144946207
223497816
058697250
065420377
257878233
012566279
129815333
136707168
081177163
264743021
218163307
118600121
211639821
257164208
201464607
004196211
154304854
111111111
147368859
180053129
124197319
263163665
247444893
261280080
231487440
146440058
166049452
043055324
111267600
208067502
119741631
193837188
224982942
171412473
105471617
146046554
101102642
019291001
122008714
221731048
098671928
088879280
126868745
098136221
011392203
092052077
162359157
064114041
180159903
110846943
153095231
098734699
133386952
202541864
206557063
108601809
251611736
197702598
246838569
128207024
213192474
153130770
229708438
170087441
011482683
254436340
147467350
213972033
050291502
200334637
255736169
100753996
070533947
161337679
019911669
192774957
238095223
003198937
231924206
236440348
261680355
207856524
238930341
213971624
160233347
175726527
004098528
198128929
154649849
169061229
128613640
151047607
149841390
191186985
048533497
258206981
085217080
027551049
206693467
216212572
184671364
237948874
256354139
095969014
207214290
031265946
023936353
222708873
155909678
256552686
174384751
238156653
000599029
206335488
156442534
143492908
035080287
196354058
164818272
014885157
119566385
261814013
059729699
066556007
112678911
091417121
036104450
092996060
160944434
233082551
008351609
022559620
212161260
123866517
115497679
035938808
214361127
093362644
001986049
023313141
180618256
129930231
189612611
005530798
104381704
243504631
149313978
181825810
020074686
234836416
197457236
263111533
007985255
072580630
124223843
187935342
078235905
028393245
085127475
241194280
058993173
012493695
258531205
216660987
058678420
248488702
222826684
039275307
112656240
038931796
161633139
129769968
138563096
074261962
231122095
052597403
252959363
163735370
028074984
205922947
177486808
064609398
249460584
016484580
047188257
087502587
048420220
262676603
059232635
047455468
079344276
150043830
120871614
261525649
259212365
067627988
237487934
074440470
071656886
236240673
127015890
202144865
151119446
061624034
124571760
074437204
139107914
231725567
239097953
090174682
150860568
031640913
163105560
142996779
006022829
078307497
071620544
072013655
163647301
060514619
062681486
038803332
254474089
176292356
023822431
018204100
067925342
159352420
237475269
033544540
091929713
001375626
130927447
255415798
189414031
011052840
231084401
261261337
005184896
072725695
012637779
075293301
138540299
178843867
146076584
252817096
194186860
128444125
030406457
041929706
117674875
245591531
258271170
122345433
263621075
245588555
003059832
172502105
098914959
124314091
081404579
048232198
225753568
063588868
003575578
203170224
088020218
047169330
011857467
156101264
217641761
186982240
186170800
187811680
051735805
216686436
082616423
026652020
188891456
261614230
267861255
018379432
158514738
006785804
001196251
145975236
170452689
047240992
032249294
035252623
052343862
099940228
264299561
224291305
222993806
005801215
027401022
038952725
183699456
162852245
056577819
079647497
267491293
041754807
252698029
240362095
106528936
103175161
119888289
219132766
202856716
202650986
191162256
148606996
096128001
019487017
098751763
055260231
200331740
129844412
260885351
051616088
141106671
264964712
217742881
267989636
206170804
085015215
030864415
243232067
017722876
071633161
171108409
081015426
190520037
098465213
014370202
020562967
080027624
243891916
081303729
027215404
009125151
264829104
173121896
003622051
141026259
103775252
088296555
098374636
170439161
236988820
226171211
242734907
204245090
071967164
079491529
240486080
103870221
080627030
262502343
071360854
097927263
077040196
025374258
067620777
013824553
092913711
050502245
182446378
157592884
207414784
235547302
057356779
069295252
182803978
264677013
036905927
132407212
003662098
094323549
007888868
189406808
052775113
050789222
039052815
082993062
240822116
087601767
223390736
080229632
239357322
069976156
153765591
128743282
017909936
008490500
102376171
208555903
130493081
196028026
182130948
062661558
007436375
012927376
149950996
085844627
020446355
020270093
103926853
192364428
052077152
170886929
090127632
019221499
032065395
129176592
024438867
148700163
248243670
227669641
099429301
075734521
112556887
207890212
184205424
014394541
206165458
169163372
073510656
256814191
135272143
079351073
191915590
006658176
211081752
001570586
077858712
046646801
226993540
189335938
217151670
148948513
094769978
153426886
035083046
118492376
030175804
237945720
164898509
102871847
110875566
108918231
249623943
034706244
018967326
052270782
065190559
152476527
156381885
205766780
137868707
219943547
072607509
202747763
066173330
208797253
263309072
060575886
230385917
139567595
197941663
254120604
117429572
068405481
217723438
070504222
046987907
143315054
230320536
231179238
246008866
035434407
008129777
174193529
185506361
143630777
004695213
107330008
172512907
025032751
140257111
034515033
228989990
125663711
251956568
103854810
223045799
109373147
027501987
077401625
186422661
048078126
218702387
204442179
008183708
071630049
114307190
057765322
018143818
228761828
211958244
186155404
125381136
138114213
182813302
157921347
139383432
088030345
082227219
069423023
253976937
254358164
032909514
110376329
159732791
140858684
214214703
261159852
209946763
180137573
099746942
111543930
070457513
206769051
079061337
237213924
041572512
163151444
244445518
077614838
221379832
192338705
046686850
136908589
077496457
163863442
036386446
020336716
154967997
168895930
224238449
111174370
082803963
007522793
218464595
133511509
192796118
067500962
051474904
162903515
164617357
058266165
041640398
184323089
061762872
194337689
054691677
156971199
082774230
019436969
054519081
016209110
178499021
096168455
032253992
189996982
153440352
067443794
002325118
228114199
006650615
103332907
234318820
147314533
187381831
040602775
158780414
086367895
069030357
253005130
095185439
112443626
110764014
032599109
000512318
044265174
037126657
152361805
216658890
206011198
152401222
008402857
067293374
256343119
218804257
193026022
161869733
108696559
031563488
178645575
259708459
186081358
131806000
085138367
132508841
230964277
040304278
078486292
073289103
026182578
108032497
260124466
196968968
134113880
047872744
165111837
204030348
016005451
078703508
234833480
120585493
112692743
234470067
043617866
096964204
138316984
183957031
047149436
116960869
195852590
208174652
173393951
219804277
031853190
049503301
010475333
192552378
028831313
089185783
191496000
041683646
143078956
252810100
256386221
155841485
113110017
130635031
024904227
106695897
139779339
124086893
123540600
125876439
125730647
262759675
102001997
075906897
104914511
062448096
123976005
182128309
044082803
008867790
230259808
133688724
242049585
045445448
137986541
190631156
228374738
250606945
123660069
261182538
246220989
058018010
151585015
176741578
135004222
266234801
026892703
111306822
