230554871
224458072
116138656
038490222
194555896
151884855
179090203
127201836
203351511
017561117
157773714
198290840
134875777
076631881
023314888
197254308
075272856
195561354
116500970
006834425
168747706
231336441
155640211
254837719
073554108
150286523
053363055
152095313
165309306
107482723
196745057
154259754
038510027
254833183
165578469
002995440
261992535
184417962
021545582
125109660
112349555
027141751
265670289
128260444
130614875
107104116
098279743
039467150
195584812
112881305
027225881
180746565
228699225
150638445
266565517
254730561
198405593
135034310
146136722
141340157
134354454
169787677
073057288
174462456
245094985
150492646
145793637
218547724
034367189
071696005
167979320
208256642
094243287
052373046
095859001
159954934
247294288
159080165
048556748
006074260
007059740
200596014
080355013
264952587
038044026
026591356
172638481
126100117
233578425
059866648
112243879
003994096
159656668
170000001
065476993
063800448
189117596
173520074
056517247
009749776
178984394
139872495
079842704
049013677
188890991
112028934
158522527
206262085
209406471
195568409
211229660
057589817
152527067
105047949
126548852
254511032
139156100
119359593
093874076
173799075
047243981
117848026
174808014
250400953
258124524
246689759
163207971
055585886
174014704
256268060
163701043
155151578
124824001
102692987
264471830
225862759
127148015
207010978
062306173
246374400
229648471
154365208
141274583
054630422
184164616
139574133
190029076
255398191
214515225
062635490
019205391
057265533
031637538
196280339
135850580
254301349
058211279
101297620
047049507
079772099
060913555
017769855
176179102
259709338
115530280
013103834
248660239
240545200
015172110
084224389
077876627
211920688
175747670
163208465
106332677
041158511
118009966
013820051
041126870
098487810
202203223
009437930
224906458
164177001
261774193
139748552
268287571
095960740
078462526
226956187
179923669
101889737
094994634
039852178
192128912
077606279
169109459
038594437
040919955
117370064
223537377
137751958
184318151
159299478
019020541
110694652
244434985
069131421
066025839
169638309
237238376
256392426
028822865
029153555
147485999
030744839
264634750
169310917
140055899
152223189
258106723
149890251
019108267
132467839
142912406
229413000
190681367
161112390
145336602
252412496
008742201
167858823
038246004
101169580
223149723
178572472
193558762
237005695
007130163
135231421
115339169
003946876
133301379
073648378
263451850
181337663
143834668
077618291
078541317
015192637
097782434
054783656
187341886
123296287
149903741
182367237
255943688
062495746
071758016
265539931
146163926
149738230
204052518
042743870
030623978
146705904
141013849
015526134
044816606
069115564
105236735
170569857
192964146
073541810
165042629
167937887
256452481
010729420
219211334
260263543
160415974
160400418
129750137
150752297
204996101
068466879
212234604
220850625
185987720
029758363
107951113
158384585
065903024
192915931
155175620
003000872
198321875
010005096
146506390
123773582
135678814
074565323
081300090
009459269
107045742
197906121
061249351
101361526
267740207
203216523
008970293
245276469
042923038
211317155
091602127
102444836
212188046
110110731
145906766
169378751
179994280
040087779
085098751
251866470
028071760
008444917
232239005
175505705
110778693
223578245
108172344
174149572
168510866
145469959
014981511
255088828
084185697
168959908
150776953
095778195
092215247
246189558
042758112
245465059
023505383
136332139
040863652
140517880
237556688
085943413
060702450
027481150
252839541
215229874
095889365
034301305
107381215
160640013
250810077
151081239
165791305
145708060
194380183
176615530
135211230
007535781
099575153
141105627
155777211
089322621
000132474
124235888
104445400
152036180
185807664
053857698
049363673
251801559
177592536
266358828
052835903
164866730
113629383
094771396
085145706
041729064
050769691
007207977
131382119
195155722
125058153
224206319
206889306
021350186
128787110
057931548
147488096
135617125
058227193
244446349
217958386
133617126
024939153
211376918
138287311
152402132
209792955
042206732
243041482
029718341
195227612
174491535
230763447
261621377
184260496
242742814
208422435
047826814
073034785
162771861
133418142
188170590
051929647
183951728
224649530
101890308
118888260
072438827
107164353
003924098
243781724
131302710
033299922
044959476
075150727
172811949
174414340
021901153
128126872
105870671
083416062
057613202
128784873
122855063
178813072
179706147
145770356
029656139
131796901
103536640
213071543
142061567
193451566
039482880
183704177
241063100
196819946
129546291
127828489
108566124
109405523
250097832
185742236
173589058
191076246
177571873
026514650
056736380
202525126
161300037
180928260
209885561
079771117
138521042
118389790
102597962
100798000
214807292
020650848
003214656
085945435
145060906
063732071
239861917
113743364
027917676
256144372
078362913
026183327
018704496
149433288
128578741
142984821
070846885
177620399
006166165
166527682
213595837
265846126
163337828
188758184
078340409
069322628
239025603
157385213
031398060
139766856
254756659
108583471
112355890
066178098
140024923
170639154
042034634
228440883
139255583
257783381
078619406
133016119
042575117
093241749
193600515
212921761
176970036
101568319
168222951
258217837
042137854
205244583
017558043
026735424
267442421
181209105
041365866
185000741
239087961
067365384
140750472
105568582
074060779
142155177
169545478
147725130
254379789
218798362
035453283
040191411
138696022
215534766
206603838
026462691
140841557
153968956
101885388
002822927
060314824
014630154
015955803
128951892
067945002
004998502
119259448
201762811
053675950
032308307
174968167
237827500
035348233
003625521
148503029
202916964
066032978
057550546
091089605
021087237
086218159
082217422
088107697
127637124
090465473
215882953
043224507
047429567
237647312
251371060
011979504
010638476
167758426
252069418
198183178
185807350
213912314
215557918
098205750
029565374
221751570
079943432
032433494
175116228
095108005
080007801
172932445
095264175
141498438
261351881
168529895
099275537
219747985
010861407
155337556
268401694
148170137
054117637
037743979
246120751
220216684
054731409
009586448
003429277
101583331
094020898
138335234
109584947
040196947
010771481
152949629
193693165
003471491
117204674
080386148
129585262
008969626
000473891
219113953
120705499
242901582
129761465
048907266
145882376
022540241
210856891
011611113
230448913
259023016
025444412
021052422
022656358
248327759
093160803
215158599
255864351
003594221
062282193
107867653
118608776
043763279
237163113
004039971
082750288
096104715
178438889
138718658
093762863
017000490
211899990
259458899
226980327
198844858
128251286
196539863
115308972
133556384
087824322
255030947
072397468
183537447
045691909
050570593
148246878
242725264
230543371
156008733
095113074
067872669
138768021
054584373
007582042
262211437
194663248
034906549
176266434
072200418
155495759
192685500
083209237
093060064
021443603
199913586
070420947
093582618
219193155
224906490
113025659
109925136
099174212
003990286
120420843
127349656
103301597
098620585
022801086
264160739
108913903
134190283
239019711
065398543
202425707
254713997
197598227
209542957
104633795
065492651
022830155
116749804
228116572
146503906
113373664
068764257
163105335
159275374
002470630
262152157
227148484
059222468
069499480
143248728
203436444
103778202
191116653
146388049
030400586
173228157
018091355
172469547
010940369
208277868
001990333
149226309
045747954
104955303
149197371
107462090
067545157
011819688
132039907
065250635
191155754
211451836
043351721
252701604
100660675
128737431
101784836
244303530
208495225
039320823
090008665
051984694
098955089
016086176
199787073
122144216
118007716
159989047
132037871
147277384
182378794
008214129
003016044
038742580
157387491
109302645
006275532
135016199
059666954
007078079
193150459
095068107
194431922
078148181
007758641
250280261
087157706
146213251
164394156
203729753
165543055
253709861
129555574
109912868
240456924
160207631
095069547
242303637
075487233
037973923
082037817
237516987
107886054
081840617
059925651
049763817
134702117
018504515
115164000
232240210
130057871
103932188
169672402
119210193
248837882
096555261
007139451
199862556
241788326
171920315
060030931
093734771
105132670
131374007
088195412
228257929
158519156
107256862
065593853
135411620
212977374
107868152
056844625
124013529
104550982
176216799
173479205
103347798
104391130
185107519
047444175
027945573
057208822
222963307
167831770
174989099
145601876
186338837
101482382
132013224
012351863
068292204
149197189
203392301
013908264
227235881
239764033
024186581
227483046
163297841
054634793
029978030
127339058
231477533
012154467
198731948
201014254
254359953
232086961
209883150
112902769
035689336
203998323
084976348
012184966
233222853
062464976
145298034
258297999
202541757
094926685
166642173
252350010
011304661
235213193
190234257
150809000
167773993
008996343
022831301
010375512
227730111
006446194
170507710
093479869
000868050
159359363
053392482
256943897
010165826
074126232
088494561
086702677
046507223
014311012
247249677
081376242
085790280
087851852
025501922
017569981
171608181
106227945
224718724
107536970
193677718
138882224
147143518
025037216
077738509
197587639
065103168
179564502
039377161
219699931
056798943
207475852
238919980
177162767
252457934
204333980
103218784
183569973
093706630
089060192
075363534
165671233
122324838
158674418
229758171
180550221
245405177
238825523
086393957
011157689
046531902
186492159
008161665
260895542
216040353
186200037
044288772
000067737
177064089
129869402
205532390
163070719
196534369
243078648
178012286
199285366
198443911
165629863
148497463
043949289
149197168
117786858
004684221
198290475
026183147
193913631
239651712
182719887
116452183
012848580
229642384
088299672
188585780
220589148
057902773
153001153
261101410
171279549
098315634
025449876
251400865
142951571
149096007
210014809
109891448
267075624
080490094
148970526
233182757
036373332
075597406
156387531
176726172
144824561
150957159
073193010
041194813
021424415
228183692
094153638
071759201
125052492
024017858
258853234
237967227
006596931
135781511
182170045
221490619
105302859
120780048
059970412
103836742
131522778
256256698
046631462
073417825
049039583
098747876
038024082
047821318
255180584
152126351
105353447
202461382
087160246
172764663
230775869
089637861
253523558
119218266
227407272
112332706
006206870
160940620
106594355
055700322
089903567
216983307
009354182
109492861
204830263
085888402
209930907
191618727
164711625
046797810
147487514
044336259
201920408
071470191
213821925
037264896
014896895
097713760
116571013
258971354
136546660
060083885
097006131
168206652
153672426
022602592
229252884
150243834
119519281
042767815
213120969
232401291
258630847
168391612
011165512
242193258
162168851
167731755
194171824
160882763
105890242
113987754
016675048
214525258
049498942
093012444
000586918
011901332
113220596
216514254
219240996
212137133
241823658
133184619
198408504
130671547
223516209
164111257
103915547
102215167
211668368
099010825
070808271
058284722
119012259
193152674
150040257
032008364
135918893
224452381
069528020
037605128
125134953
236302428
259581129
251026410
238549471
034639032
008004356
218579718
115492816
240988197
134664072
042971122
080416025
183446150
087773068
094105069
002521374
236419497
082225989
188361283
032240227
086935794
061304357
266809780
240743489
196903109
251701014
028823207
074270592
154178479
165981693
157999985
004680988
025699770
033118230
171166255
187156773
152242731
234957299
064266990
020333234
078769582
063459283
119998793
167061000
211244352
000857615
126043563
253088958
162218321
185363480
160033793
132809804
090472955
028172868
093832366
229436215
217811815
066662114
118886763
154694059
145501101
033928156
162486950
045718757
049648021
226305300
031405214
165642299
047638755
090656906
265929943
175890274
261457674
083412380
037675843
201831755
172185340
198293506
114354476
026526013
163149720
133889526
250665003
026270509
149877020
123659397
006364920
207060875
125447696
095247502
138268795
108190426
039551745
118086753
264136855
010064851
217740724
235802722
205728434
105270120
136412816
184343947
183686554
192851129
177533921
262462675
256039708
141787800
166530645
072917327
131596560
216681704
012646389
150809101
053774062
066155948
115120488
074810431
040728170
235327122
054470894
126352493
216827419
090109851
117851462
191712773
135717059
161450166
239174211
182854312
266507817
130376121
110296743
093905803
080488722
090419021
191372314
073751061
210917294
174216983
083657115
078709804
190335715
095664102
212858329
215446847
177303347
004241959
092325491
170471270
045905186
252051009
117348981
073911831
174160287
253582068
238342218
150296477
146641633
186818779
038624989
044190447
187204439
140980840
078864369
257499989
058121252
034487847
118600645
152531769
147812611
136281942
264258316
041723504
140909607
083239958
040884230
157946354
004075562
038644841
158745934
063209824
191377098
229718895
212026589
165776402
131330515
228166702
126351608
267586899
224321841
133969719
189860897
053780739
025231398
208006196
266090404
046610700
026491914
168666665
039598292
051087752
097817837
092263673
018296271
136755228
156383143
234582645
220087967
159727886
188357896
133190635
190932003
051786721
229583224
259352955
183737017
150343202
046180221
043121033
162910585
098849058
044412596
027234007
253415941
191574329
098657941
083444673
027059200
053663656
033278548
019429298
133850375
176715495
256547253
103917024
035903909
070966646
080130908
258490043
246735789
005279036
113958633
224478488
205838130
098589356
164449498
090899544
135886595
048155156
085058721
012523166
174292187
145413125
139062391
129250116
080698145
208386412
008257771
166575982
096433433
135265623
097512093
260457312
134972469
106523657
038395976
237792484
016411136
188239842
050053575
149840916
047882295
023225431
036993565
237017681
202590723
249305520
252181949
131122849
017703699
033202486
175986766
096175897
097532761
005405292
196986746
021923983
244385016
151292096
014757644
059506081
220796831
160902203
055067713
157622556
042864595
084736774
114358376
132508719
154177066
265093108
179039516
105291339
072169909
217975663
182896550
009398724
257177173
254443917
045185475
077455420
245558873
197042617
133210684
195383797
029591854
243980697
260169437
008796850
186980692
114540439
025249202
130886887
212702630
238297864
081105566
176803260
194156755
228925320
207803717
123031668
165985345
125615220
188193665
233856777
023368003
113092997
170583653
185123066
132842516
085274738
018611962
261414273
196818956
057916115
073324134
050426767
103329719
109907736
118189788
066880184
106546105
252107719
020674976
123875310
148426353
268037976
099011461
205159357
065543901
145331406
008161948
128261384
245993931
187878418
012762005
197729213
163629724
155474826
245774912
170815190
015764564
081087771
003919353
175141678
053234701
170082382
186349929
042408919
121112184
120982798
015823499
106807194
165391501
000222134
264343500
215580860
075717364
179262309
162972408
261670856
211331233
030109413
085872608
099335343
159074780
189658418
223047212
095037675
041421000
164735376
159441023
148287896
006785051
186316707
046363172
075286582
115922110
220417088
063209449
178355114
176109388
170651940
126641373
198525171
008949056
125631608
161357148
239190416
091995238
251854828
237257744
008099063
039804458
184000245
139642757
195632419
077143179
166886496
101692940
207018696
043454054
170151665
128614576
072649220
128628871
202856341
165853884
175309959
105563818
028002688
097762127
155777959
186704088
094973361
082469188
131445182
252205247
232316251
212541776
063414252
113744799
248117260
019228922
212527430
120081292
186909095
165651422
000449910
233641274
052528746
003866032
217421111
046369500
109808837
263887152
155989859
006410983
127772633
202717437
230028310
247986818
249866676
087297362
079849959
219048287
211129360
132530874
146404268
131914703
154404037
111751137
090469813
062895221
219894491
017112458
124328340
009929130
069184622
193263660
102716150
262327949
067670415
148630152
229691897
008744185
094387424
237112714
201886773
140601476
076355933
130957589
194835075
249082998
250697227
065643459
018181473
201881028
212749434
236555654
075530272
253156493
196524868
198542065
251802204
237411328
161682236
107499940
095537768
180898557
180319883
146960516
066700024
113917819
026279373
259600919
048941753
232382450
182193137
224117994
139132914
265138102
181127073
141998984
111932935
072393516
126880958
065520207
267057845
111649629
222763665
064906803
165756128
102448964
118863155
053018505
266975803
250831185
039192320
097471779
010908320
056200433
025848619
007441487
141739097
009817801
257064699
025760213
003487645
241238691
211494311
108561022
096469769
070143192
144340310
227764923
236584162
094644486
113829842
042306151
007155861
224391336
191062331
203084117
184825767
219543837
041372584
141887097
193956218
121319350
123168069
104243737
038990272
092749222
243112451
079758243
119691161
203196177
185865617
070993107
179223618
008754004
198308145
107421595
077782531
189070596
186969320
208407523
262429682
237724444
026769427
171901221
215370156
088842786
153208975
104328793
245851706
116636280
122604689
103824666
073358792
020858637
009559922
102624418
007825776
008093926
201666339
016191490
065999878
184390218
066041607
235360470
014640645
134261994
161973488
046575045
030493496
227463886
114688069
013398014
012658043
230727637
153776426
167047901
157717523
235456871
090569436
152928258
043344928
228416943
262668738
054657230
003915244
267806776
229521766
028139796
204668329
213050799
058626231
237387689
047379508
038468096
037849608
240286091
103000257
006177323
013487737
029723982
264947914
267001459
012519072
047042329
216858251
003416917
058137681
265924547
261702632
256327021
037832794
246163579
267123691
132316802
092657390
070036295
145664415
180945152
076238393
065830096
196741304
109320005
101236970
209691605
112492200
065364521
038015810
043236466
076865008
206951506
167646689
260122780
136539099
122437781
028518778
157094353
101245150
212985287
223377502
104349512
191971525
117386781
153213971
101654496
169797116
055966200
177032175
026336262
220077168
010740381
146275914
252314541
066518872
050990837
226660293
266242242
200258915
177058759
111331545
130712429
086066672
024577584
250989902
073634485
225806489
154449947
029526817
028957670
185269432
213905996
097132266
251658490
059683508
002834061
011800819
190747078
218393897
005743233
125242880
229200770
181167176
172000372
060993684
033287935
221947347
005317058
140415677
171246587
160041390
145257957
040754580
216293399
001271728
266254346
267165334
116070109
217554848
179533468
102142061
162819535
262898379
190846493
173650894
012599754
007519278
212405488
083731163
172059994
041512323
157998407
153630089
201274532
149087459
156331028
138762624
064784574
247751549
184356461
191450513
139168470
156472896
175705159
121735976
185553223
209936747
099182566
206985836
124745767
101210247
211200113
210115297
014461964
054150213
250497917
240993732
062191669
232205412
249157485
026645036
075763386
044890710
041273514
034895568
019617733
189664726
082177668
042895063
018433798
036366924
013290587
182417328
199744333
194374574
107484121
258434029
044798659
042394761
103081918
066567131
028351051
042934387
264664822
147701398
212578008
210324818
205346391
030537308
229244978
135637898
023629089
169218642
078236834
216508065
243061879
044876560
015197729
029982235
061392678
187202953
091694609
009787957
211186420
083604469
188692784
066092698
149209334
251237335
026703816
047838502
153035206
012420046
031465717
140909828
024116320
068400817
133941078
061991485
096933035
118223596
057861813
115203976
021399833
003184002
060639317
064177989
249577973
212417046
235715446
003344713
148071858
095004972
007585959
098532920
158547392
176808563
086310836
001841517
216061635
118037376
234004220
063885804
092679186
173126329
194202939
131399982
158878698
119167114
086874731
080382584
046344288
122583004
024012500
186745115
169785745
163744437
156818887
241671993
104544903
064015668
007745016
223185266
128719019
187641833
265286141
034335684
113303891
086029387
167666066
218122750
240452765
256160905
150182995
046855376
122730255
232570147
203321771
091302693
240977062
114921759
242501616
216875977
096926017
234923168
012438848
028979494
173560899
202866060
262650497
158797860
202989433
216971287
140205854
254717798
226020081
018952521
022751532
014213679
168900828
194219583
066039424
263398320
090420284
044773469
063873442
246621466
137680037
206439913
204297789
174239479
202587389
245311747
032249580
181383230
014617118
174524451
172776241
062240898
124362843
234266793
243616412
046063677
065488570
017395108
013562907
053773094
239358739
051120245
182253354
258386648
259506042
177745555
025185934
183520872
143225105
135613984
088152163
182867365
060120365
039621510
076379140
032076580
108181110
029669412
150291509
229131985
214566396
205281588
000982794
015764881
107745140
192058096
207778369
167785852
227739617
151912737
188379637
225909368
218791510
197712598
194509419
198706205
178107537
148159267
012610251
232641698
149269467
097659007
258055058
142097778
088935916
031616958
253493961
165670413
228021111
074509810
017251031
226058589
054086017
162043794
103115964
047501118
050777402
131615253
185162583
152295228
225572859
076694828
021347694
255954282
161001617
169331532
152157061
033094417
083767515
011502015
125097746
059515571
084529474
196050520
256788511
122373560
134642990
036222198
045771470
181710338
254257341
046998084
044337221
036716737
144077476
061258127
097333943
017418204
057003251
201999617
187850161
217115110
067117555
132572952
158213135
201177021
223228400
015534421
041134380
166092157
152310835
126500911
019050150
205973640
127876305
115642357
070608262
006564388
200823693
192974772
072252485
092640039
186135608
029400868
010945614
225518740
227976959
075663424
087053042
137208301
015953303
107729380
086050538
251371916
223248110
122758025
022629219
234082190
194351126
152464392
043764686
150982652
226148878
110198656
023145648
094964976
249819063
148791551
198295179
239555126
163075116
170875130
212289860
012205268
123432557
165174488
174715058
233171910
003788222
083035702
061381380
213195799
186982552
244201211
138473629
084260911
144071020
129653246
077389956
045794985
187155638
171290259
177609978
022601970
002035578
103618821
231158505
235963608
161859222
189867577
150792009
203323835
084637138
188756217
223881146
027429155
139812523
077389336
001552806
178909288
186268513
001890868
083992881
105874575
219727778
032655591
137991823
184219237
189924394
257719913
005004934
211395959
224588157
266233725
134297147
145657476
255877048
071341025
224211821
170843313
134361643
032854828
035874504
125864297
067150156
198286532
158894676
171054602
053768365
081589285
023530094
067905849
208548631
088865380
062357522
234147622
221472445
059099396
179206748
192931599
106386253
110122045
065811713
071035428
218476111
169237202
019397912
267910104
237864789
046698948
067010597
130167164
197422569
176262895
133874701
117634703
175750269
033527922
096593908
225256163
201197478
052588141
039325282
059910125
127282978
202416777
104092678
128761338
063329892
054383904
064113969
152765023
151742344
001020823
191685934
034508468
267049604
186405252
123510143
252610136
100818822
035543376
011483280
218632076
194728479
026519660
146244593
131290872
234561816
137317574
092730790
049201769
109941846
149694203
019766215
182269137
165942602
128705723
058269183
241899703
118778567
236421343
263952056
069621319
053515127
211847939
259460447
146542682
053813093
137001351
122309913
152498924
104493559
080998581
052813131
071387538
120036575
113198366
030609022
169237989
034706023
249897662
243022720
182696237
215120150
013831475
103501427
012757721
118614279
033363079
238132101
192723339
177940436
234891207
014167064
182556636
033606766
202431782
009771895
134816061
183404241
234447483
209224644
199997421
124737703
169097327
197983356
035046377
193676746
165551473
240205573
086980628
220272415
102671154
058284601
066423171
057704153
186154005
227995344
073112986
074318255
158996888
035769238
001105854
169141956
002049310
082881016
018987732
232226112
031266663
255429761
147923966
050224289
119508465
177329332
111111585
231354214
055674883
017680264
181335218
050870863
224136458
215237762
066343724
153737012
239747404
049940822
136064275
043968289
044337983
220868914
103105449
176912666
224206049
070347051
149292079
241982257
142786585
194995921
250143125
150952862
251808715
179162935
217021837
034973221
164998170
168444004
064558012
029948656
244586723
133595062
179834372
259869162
073744405
115756169
021946278
128702397
120291032
112704688
048753415
221215808
193453129
225553921
088643035
015054815
042776127
015055709
013143802
054692084
054006440
159028116
191074766
263476880
160773079
217850806
117360129
195651836
207215306
191378499
176879329
230439749
081419312
141572962
059043316
259416542
256461253
175325228
222193406
053827041
001190833
156213119
221742137
197736970
191886309
228230786
126172192
027103772
173604999
054552552
203046246
112387766
083420739
170868529
227144405
206032712
062251496
256992390
015462148
101517218
253118890
229648587
192981517
268185181
043070853
261536284
187112098
243276210
229973998
259310635
017419405
034574330
014807700
182690089
058080444
024126271
012080402
063936740
204922748
085813749
198552211
169182193
141751594
069863305
048716874
264622068
184316133
196712718
214969698
083642910
094958247
189710621
235373585
207700311
248673902
216257587
107976851
074768069
189768188
008758349
222761062
007399946
249231351
235155097
008555432
126757279
265653813
133717778
106132973
244258093
064932266
146989573
043938568
106858818
236518238
030764372
152414910
200784460
230684325
000122298
116455420
083747311
079407680
040491887
131080546
267063995
177582948
176263462
107802168
223894304
182236258
006883532
228412964
170401668
244121991
257150703
155919738
154498959
052728437
218097539
042881377
157599147
235389285
198052296
133186607
076133862
080710277
157774920
026113190
128248490
164501556
017453591
191983325
052031755
196289172
092609953
208418965
007637315
171498432
216589728
093340453
118647982
223019041
175509313
210957351
117068762
245822977
245147413
218707761
168701072
141096865
126334793
259902719
046824943
070118835
191465736
109794277
236118663
115736713
180267917
103400551
205305364
016426634
009116949
049619003
126686559
141113843
069096267
232877377
040852216
148786037
037396592
119235257
259815281
261518287
190528065
220951933
254727670
063291799
119718163
052729510
099247545
235160056
180787367
023009670
000193820
134933684
084490849
210624502
031074340
166146667
181793444
250309993
148320508
075070892
183146530
118049003
077339571
075378962
048993195
140161297
107620462
091426792
032170116
175000620
180227610
234730537
210473942
228155819
121841387
240003139
086758705
206002557
129929323
172041046
224349582
265178668
197591259
040882195
023367075
231815886
001997480
098907294
170148179
069431869
024468803
004553101
173793380
142120411
147701022
060801967
179873914
044625519
098860418
105030697
120511626
087024982
029277938
198171746
188578195
245840231
122044282
129203633
027731467
262689611
035039970
166921114
044837196
072892913
073000919
123964151
083536647
238245333
212229898
146924594
232277302
161528289
199744891
204044499
018080590
109723727
160623654
033889541
223721383
185639437
221471467
171274711
159687930
265336525
255536162
248927102
232419690
142700631
096073653
030708712
005751238
200680196
071117845
212738805
241605341
167813045
020905733
116624181
124494132
021140204
030520441
139591158
135917817
107899717
196102003
156366976
219709583
033978812
226054791
008988220
156678136
251024062
017994475
097646066
025638790
202610401
126406447
065887277
039261460
072670071
117338493
077091839
104694152
042987147
149999872
024106202
260960268
012114566
146594873
247348916
139572675
033164623
122767641
242189793
014202807
085941011
067065121
032894573
015598634
122294364
164676161
066281905
050283277
008003889
218461827
193802071
237734124
227042092
004402914
181716270
245043630
034372008
125432450
152293632
178517193
076705000
080657594
086598088
251707342
105971366
123245899
201223587
144567799
107257183
222273214
000404713
217950428
127676112
102515490
139124642
053092211
103474167
205774586
263417836
139791747
204436614
062759188
113987006
046282807
008513289
140160277
244785739
229232031
230792028
214741055
151002912
044413154
240168617
153528954
008228930
197912334
129828947
126994497
210302324
013361873
229584310
090356562
072097122
194621831
142640644
156071025
259499691
164589958
233236572
225161631
078444687
195762723
182103571
095478120
181452975
094649309
156185368
127136376
251301246
189746281
232530053
057475860
054031334
250646920
222240624
029112617
241632328
166987483
128035810
066512159
087504235
106317864
187368963
110986892
196742748
132293337
183432833
080373884
113729490
051173968
247925409
146855749
230775948
078105437
075507251
139829389
061859772
080824864
250572972
055689677
075179340
240015494
059751077
228793734
047116903
081215340
096372797
035103004
038867448
157502595
084359225
130670642
107141114
062287681
071235540
201451718
080101911
198984694
055251200
030662840
089034868
129073863
045948391
259076552
216147246
120274249
179539439
024244108
244625562
220192268
127477508
007525025
185888478
220658815
029485907
265090658
004854907
028329592
186762649
215412647
038674562
069981574
188037538
046880773
255261689
249662076
095318131
045044019
166463806
224181266
242989663
122641739
217164439
009629079
094197078
181288067
217075588
250703929
088081368
051578359
015439581
200803527
030158596
001326981
002719452
170451086
121860367
241931326
064314876
132249438
156056577
088290291
265552566
022413426
193522525
008370641
028150303
135566764
211792428
016026745
095852500
209508283
103931200
230211880
031775035
150318004
100393078
101700033
064994983
141869875
012091475
244182481
048608161
049512599
186260521
144458575
260289070
091371530
011609642
050894766
007286589
262088196
177935873
200672383
229653646
256107370
175626252
082552240
176904947
084862482
141808281
140419818
114027181
084082814
015421355
095007551
237077682
085786385
236194036
049950105
208267601
249869514
027579342
220864345
118290227
058515671
124064784
177047818
147969654
158984596
090711966
043106857
035318480
129899008
016020738
140829488
007102453
097496352
171163669
114836651
092717349
245608565
106497586
033937041
130842477
196009547
224450746
174912459
024525789
069392256
173307612
029532678
229908951
001970729
084459928
176730854
088177242
187576405
091968894
147638968
029402174
082488331
008746493
124121020
053243374
055864352
236675920
218629361
216969056
265730615
005647065
207067745
132398016
027564002
028714037
168570704
200174854
259661469
007801491
180917369
258547288
255251360
235275053
209253947
017363362
170674622
180804806
240009771
004722152
189476709
254923326
173061619
119509281
190567534
173902718
158027905
079682875
094826882
153969052
056894906
152707313
254421835
183654118
169590710
190257390
072025107
205946824
172689266
126637275
090544651
024186931
081011791
203843318
118777889
166311610
101227351
166818435
174562270
126727520
101494983
023247489
213163558
055186906
075364720
020397144
116933715
152004883
194959082
210863877
000026312
026655162
255523921
009244774
030969995
212878522
102246364
154015105
089322212
164013137
140273112
100173843
245570554
102912869
149046457
159339194
235952144
172705218
210718320
263573951
268361317
244962613
256369395
086495811
247913293
065681540
108835819
087184066
213778284
149818008
125680929
064057190
009632172
007705168
132194095
060422601
115814712
000553771
214024212
220533708
268405068
053482387
249231813
252271408
264291311
053595799
070569840
090353305
134722380
099426709
185097625
057565470
211532151
016385245
199949748
196393834
193836856
005659484
147775144
011804040
215147426
250713148
006675454
061887973
026385291
258592782
217319951
051024786
200602672
084546633
266746394
064980439
064585984
193560023
087448155
243513318
242730731
158400795
133535066
174594863
103538382
025122928
166516771
181211944
233630226
267447199
239080186
144600860
059255794
109668838
067943688
050631406
119854100
019732742
231408387
193157076
070701379
053152776
251148456
111338851
185451879
020534779
152621199
072731442
006011887
214167259
110009483
265574238
207329154
010221497
211002107
139523579
042892939
227020722
195294855
120591570
177246993
247114299
222444363
233265007
088720710
096977515
144874764
083122280
124484325
003532977
071097923
091479701
099522164
243334767
207616437
233976501
146609240
211062257
017099154
081896900
110372695
253862494
030049787
231824190
137200676
109079550
261037642
253516234
160715128
242834747
081251801
032142141
166563458
056151354
218599036
093860169
098130590
206513150
224860550
112583231
030676456
000631217
144060070
242140646
230255922
107595701
169135038
125378483
163710397
215394152
112845539
150535187
010360616
263186845
215648864
156269217
106264547
118946639
191093965
203448314
095246979
124490139
181677144
241959110
034882314
023914227
134822826
096450611
120055267
031584787
095127795
186860886
215007580
087957295
030775625
079663226
079257393
136403997
166182337
226094747
019101625
044035949
139559983
187951585
072556376
242346990
195034268
132918852
254661601
063542723
089411671
116552707
248830414
150217120
062273845
205811854
121665199
233314451
012360651
071235144
103275106
196423740
010180974
207995498
030131646
109169110
050763808
060761107
260684564
043528978
020200374
079108372
184153629
246562916
082104577
224250731
047953592
100500419
095400256
014802842
064670261
007240305
014174865
107246250
037443979
106735691
031614454
252508345
117453338
168873378
245729711
238604979
116868648
187721908
119398648
239970968
183577121
021161779
004810418
194399514
211291907
114455526
234519151
030823031
030607140
102741455
252824684
234206879
068756681
012167268
106957542
087891500
056951659
210596257
220130249
176406048
137811458
122303277
175687703
007853627
139750823
156509585
122501203
206006823
012106061
102454958
189136611
102338009
030040325
089828854
088900282
177583727
080162278
039681578
007035809
057478781
179994657
160923254
130801184
192929641
228120726
074029340
225841508
156637875
112623821
227550424
240799586
222790151
194253900
253183658
187262706
114982433
239390695
012773238
207237683
259602783
201426048
020989146
030722862
198472596
057485520
164495666
064992588
006401097
182370504
141996353
083980900
163024696
203638096
042262734
089539228
111655306
104732850
149575594
137889282
165489056
131576084
146261387
030389544
153525280
224290586
124494536
251493182
239687444
010890531
147354059
096568717
229928493
079476176
025369258
106689212
197238860
007733269
055855396
028810263
058214419
132997009
023894633
156761886
089847933
030091235
037722943
058492103
158706800
206329770
025306981
104480798
210155026
173250163
002024877
101687049
048080322
006773960
177082421
251575834
036937482
064877707
112058470
074548364
201477739
084100032
132062599
211549340
019408178
108416501
224838637
152341538
005829442
139276596
149945874
156676998
009018448
261132930
191414769
257607324
025966396
013158960
204690585
166263526
015367675
211507383
163793041
014932991
204395329
184429056
133858339
189966532
074773528
209319603
047547364
214461398
182896628
214497843
161350368
224749378
207649446
101797274
184887142
200909183
181064091
083891076
074810411
234329267
104211223
016501082
158929746
002945945
184342827
051851698
259988450
241002287
054692291
234037519
028872669
200959793
050862506
240406036
158335391
117726562
065010818
180322325
262672125
260596779
056622854
151267108
260936903
160146387
010700581
077827421
075059734
213392128
158611652
175060641
078614734
266544984
213410142
240643133
063503704
240798792
235851560
265748226
067501801
231451889
066275064
104575957
007776184
135209341
245296875
094014945
112468103
190307523
011105720
266950265
086346164
185717952
084244035
132922328
092647697
123764733
063239022
080229948
029721061
204516202
182656677
151644921
240848795
147264746
135658799
222880866
002267324
164065455
165447166
060213250
210800992
002306517
058868564
170149656
200786737
048817294
215212711
200079014
264026096
226824844
147591409
032713627
135772233
190102675
137320541
162021040
230465485
130463684
101143217
173341553
074550788
071447814
178414632
025689893
174205298
045477582
092119269
204970723
100790186
166604029
258962256
121014126
164988775
240526482
076352950
208258098
180714958
100243043
115671970
229160649
234590750
136318253
217442865
037072302
109482563
229384146
170582090
177886510
128503251
202038288
240989463
078603676
264189456
226304190
227435052
161413442
154596189
068524165
017479674
228976320
185948051
086236756
265222496
243312287
045623462
024151188
014214291
050584234
007102249
057516418
215412990
116108963
184790486
264368676
198908626
145779212
054899694
079327652
031659627
051210014
250111350
185478433
231605941
094154614
059624060
115040263
076694802
075622795
107095600
071957603
033866605
159473637
268309796
079865662
137903048
131224625
122527672
076982707
078342047
259321640
246706880
261562496
079302008
262419040
002732461
262258498
002180509
029666398
011069207
018699284
122017829
128432652
007615849
083259610
195982366
112579630
106403146
075817850
061748785
146418414
066800631
143081858
082652523
079177926
204834352
061945762
053637807
246041097
171018089
262798819
215939027
253454327
173915149
202048451
004545276
137109129
225628300
228427859
171833942
049680695
157110446
046936479
062211540
154320705
035734807
095343052
100360390
067122409
185358476
047402848
188404750
107572437
207667116
087671450
039987021
187036970
076647351
134663070
154698320
080537284
205467307
181021753
221482718
235859767
108666589
157325830
122360357
093422769
146038789
122172913
068134034
121771147
091503980
189135078
018500645
111853446
034590371
155457589
113180241
011805936
254405957
134225897
262662946
170221682
194863536
220199012
246165233
230842928
109042460
189805287
053620253
210664997
049330867
180597137
010404959
048858766
251875120
036453463
004940590
164887343
086122531
231453574
019629823
071461499
165589056
084030542
212083141
133096388
087364110
127511887
231449398
156099152
209442472
140745241
153232572
236421774
232763261
162755184
197315751
111111111
245697875
190979519
174515249
061386100
089456646
264593903
206551822
081251463
118131519
094530886
146320400
083368775
007770978
196895681
092522687
122427162
143558898
064333040
232778876
231096904
219672991
113672550
131706682
267326286
239342235
093955369
024587237
094617092
247751452
199850849
093503222
131369345
253244772
177627600
158530744
027878925
117706389
220919655
135758757
009382715
179349069
114589828
070263083
089748246
172509270
223607779
066218424
030602110
066850795
058979290
141191064
200242758
243749076
165862409
065689517
260337515
220224898
106571264
031089991
239928610
111404339
250602959
174939022
140388073
114980512
095686742
222303837
228108034
175917680
259566604
166578374
150051873
024175109
122007114
141427995
077038492
069370372
256622187
038330173
049720029
233001558
201738807
098382080
140848337
203502241
266624716
106650364
235358164
234944880
012328196
071716280
141349116
249300012
028803765
106284661
254502698
046709839
106039750
190623695
183778695
220334018
206815693
133220953
088085007
021335065
022145287
188290272
097753691
149510799
138474664
121701037
258447951
047596702
187469012
128726006
228496619
124447860
198850825
059649739
048577309
051206945
238626924
210145823
002580572
009151945
200468517
248068681
057854761
040063129
117048729
188462599
167707962
158365434
240240538
042797286
203397121
012893504
063755125
168074575
180649389
096802753
260275225
059014062
069250668
160986966
161150689
136848963
104716388
130565451
107452901
208447907
022218022
238676718
115142682
030099521
251308059
084160666
167362763
237158842
262649350
121148557
247990709
173777895
244398095
113184807
230386285
031816640
223845760
081711528
069575144
099990147
068406446
227009527
230540357
243859935
221074959
205546231
225719293
035130290
260867131
253852108
210664805
147364167
032851844
056086394
158199457
219778644
265491404
213486043
260576166
013955479
078786497
137345712
150758186
175931646
104701908
050341678
020435495
225141863
225692943
080155552
255050253
096017329
155485355
162330018
102939455
234703027
001779440
241435984
097235908
135111316
142901965
044172714
104980935
106483285
029603829
080663476
147715392
090479194
173450828
066600703
047812869
005181415
121315519
079611809
053071553
027342352
164619020
090029397
177315568
106396366
006771382
024501330
119581621
