191816180
261578496
088093482
092709067
026138103
031989609
234745420
221434150
254591564
034791931
210668554
048181651
181651597
111404816
197383370
253338057
021464984
212249833
193018790
025233247
124713046
251997884
111111111
028591344
125499741
052946180
267645789
199853930
104849468
048151272
121176479
091641016
118007203
063771603
028708923
200812425
092521353
026743232
146006675
173352755
074412420
045927914
185810204
027333192
071663083
041320055
161745154
078187660
034592037
036597390
080371765
232252236
002308179
080545408
034622878
098283191
207025486
232689107
169361357
251605157
240025238
136389122
132925530
254562831
161606873
232901063
152041498
157512571
151108530
217746165
131652542
205491784
113841504
172481909
156793956
193512487
126062871
101219556
268143536
040505432
242761367
239488226
256963206
199793584
113233436
261349506
063036529
139795546
185415315
150293233
058216705
031971551
065046782
140647427
046361361
000920283
032428795
109529282
172423486
060063028
111557429
004627618
211379127
083398550
258136242
148097942
171596569
128032446
074933953
001869443
173756145
211027066
150292235
230290377
192627526
099302855
267948567
158593696
255376737
217086649
043949618
208634668
061227177
126035452
139256273
227019139
033824277
148250466
210780126
204364148
019558420
191176514
073543760
024824582
027870132
216910461
014667696
179401333
161126243
150787383
215399387
113099407
199783755
221626688
025110169
131842231
156486547
184239901
196561181
138308508
134365028
088056880
231745601
202938476
183523269
167091904
097771095
236026915
212255561
137650434
196462547
178759298
031821721
026501585
056172732
162069666
194102348
238874829
222790690
247777422
084429752
081708565
048779280
154677650
043291160
081967197
025531003
195042587
013888691
256013229
099196774
096011638
080821873
252305127
264179986
026921433
172633753
114622372
160858457
203027548
124513781
156111805
038747857
048092352
043110382
173139641
039520448
265926705
096706192
111379742
127985296
244293756
224135549
238514421
181913097
132335920
213993700
039027569
040277831
043490736
212441528
002949472
225779211
118604712
104579766
091611848
032083687
244687067
123244776
081940366
026783843
183259893
238112765
154092145
191815623
001883292
150220203
020785797
083627292
171768236
134652455
192072360
064306082
020552690
114038222
088100655
130036517
136883922
161481647
074277655
064527462
213095325
031213611
234648219
224548546
126340852
226521392
072592232
008506423
061470975
248152724
109193485
179822144
081960157
227597665
112484942
142078988
246577489
059670834
005024673
174564752
252007129
074932823
155569808
194241654
132938956
188195580
247857361
121687424
189413277
178282130
144058361
142363563
145001405
135307012
012112825
055546230
256208975
182063870
014141580
167728613
159454070
209972644
045717990
068499103
016440523
225590807
037270504
149947061
105219153
143637302
154848773
000997598
216464514
262896281
083847052
243843089
183749606
130826407
244550794
035996494
158373179
018478778
182350365
101153916
010614135
217144632
198524624
196632210
232942700
112084573
260188207
064270047
130346661
211191763
043783458
155478384
186699488
168077972
133798476
237824277
076140076
201965557
245751107
203983470
002774764
074281102
102817129
239115074
008371614
230128269
060323322
031865516
217248731
045954884
018444885
179476289
178471383
117633639
023999750
166734888
187304436
255292767
136834382
220937345
003089861
229607380
050336100
257894200
037933363
042704528
136405184
158375119
150482644
004361229
017456874
011985799
232396938
058575376
144938047
064427763
204174752
061423610
242319437
086052574
000716896
063493431
053119873
120836684
043005820
183993044
066896221
077760550
139354609
148680224
210700465
240129904
153466995
018662104
261871094
111340134
231550911
219242551
143226643
084635478
085026130
182070657
101292534
153527345
020909781
100409895
227307212
118230016
014474918
110390548
149451791
055854861
209713021
027887776
088453952
217537967
043828569
097529769
124005216
238758290
015865179
031622367
096043246
096720624
027367686
220614196
009285651
040893845
153516063
260075536
191641474
007270067
223567111
084659431
075271090
162036879
131201925
121769946
084786362
158292574
087475948
203541386
051346303
032492922
093813529
075186246
015579881
226443388
195801208
176860816
213604383
011454764
204300212
071643084
146858414
048082812
199058305
124031536
034681857
029813240
054110022
032501306
235229911
182499076
249764674
100326125
061509975
021412300
230839574
057013950
128417171
005037331
065157502
165720872
185752182
051410346
065349371
077228514
107857455
085329540
087092795
160735227
098709875
253437223
235688444
197126093
026025892
098421699
166092228
134921460
034085616
250202572
163451595
114611779
131521321
203908573
056450099
186332790
249111229
178186320
055279762
261719514
226975317
217804147
178406869
140622942
197638534
207410456
109691390
024728732
088394200
108512043
124161841
025330740
243753523
071341180
087092558
142694033
096209234
177751842
082179994
008914055
140993575
085639834
128336318
015957492
060417663
102090215
257822084
048606036
077766591
125433813
252851633
265790529
064290603
034472701
188172963
098090634
018715134
197751149
164138765
194564394
154623714
258197203
125990446
181195421
077180393
229924797
037121810
097212297
193308355
220560259
238235047
013930988
143877788
007317663
079100511
223511580
135263709
101999257
157021308
175712153
089807495
013516837
140741620
139787266
236586281
221987579
259901787
179243602
013308939
251265238
203005775
043085204
081813540
032532676
159145998
118585455
257616653
033054099
094282534
045188178
087835109
098363234
219015034
250832139
221215363
236260006
004737518
207811126
250122752
054338122
139764960
166754519
198082690
070619036
222568888
116987722
134409026
232642388
025577839
003521503
052597370
125272794
217366024
185373135
184206134
113387172
227893254
208926607
196625852
149380491
063511166
159417707
222240262
194423944
260031429
006318783
026883109
258596997
229758222
025728679
127806534
136956501
005550374
004850980
021337635
031830497
164990528
158317267
182913659
029942713
102958218
130167104
186903593
168181789
173477320
253825237
017046150
078632251
123468773
268222911
224230727
175596386
178054007
003130115
059851955
039952516
032337480
221223261
125466374
207281972
162320335
227790039
191618172
201781735
043974252
107449803
053834735
219745515
174480769
118611067
029531976
068228999
217450299
134296693
110375649
164110444
108098094
110747360
080359683
092336264
083730560
246181386
108904840
065145125
024947690
250877063
195782966
097871924
056891368
192714505
260187850
257649993
190269017
040889881
007381702
037802838
009101424
044394403
172298396
161223364
115570722
217954102
143070785
055189758
240401291
163290697
006119305
154162203
082353074
091537437
065440707
036746249
019709091
222839791
065666382
240933589
207654134
008870413
149419877
121118027
015490696
045473812
212461097
148180467
098239867
118272340
041184123
130490216
146298537
082475143
106367760
217858040
061417550
195264276
085223302
068807524
171877596
081924567
227391669
267022366
026995124
152078411
182674087
252037792
071457233
247792000
192473146
047893391
035597711
139433677
167314803
019802644
057352044
224383313
208940843
053640045
137781595
085926678
001612181
092789417
160536104
205022161
076443645
266349965
155551027
229227819
002186241
113291282
123016277
115276147
193216998
084160019
225569210
062933054
264095877
030078954
213089619
061093455
131085087
256371431
219895047
015738012
093866917
067444898
077814809
170516284
197560264
149446557
049859835
173986929
078482260
191846721
154669617
207004870
070902754
029546763
194230353
067887028
007078087
194991658
054493232
182014035
033914493
152798413
242320921
190225395
124389613
069213572
084436162
264697663
043915246
050122946
241904501
239169334
030132466
253099147
062920683
002051824
170361089
151431118
102184048
005016425
001070770
242135874
230029276
115866977
200829553
214938582
159336798
167854179
161247444
039596409
198296265
034488261
118817640
047831505
008479585
050539289
084308139
255755037
179431065
083205295
246762066
227455343
253004474
121217859
100149628
221794993
193692276
191061877
085915744
040057278
265225458
012748501
177594585
172514622
048726753
267123774
196685022
184472510
258837557
191856499
082440188
119055508
182294636
069002842
036963668
006177266
065917499
092784925
070593047
091272328
022294811
109990365
114491745
002533935
237404750
033218572
119162126
155261262
050852335
081287370
195841217
131403698
022702463
183220540
019417980
168304226
001344472
075318859
217181583
120545230
171910117
170144129
152191330
019461640
012852381
211158083
215976606
010081998
007759730
007500401
147321387
033412779
261527371
050778553
115445460
183825118
071851934
115103632
162782844
007394038
131760072
114624149
152209701
238968773
069025352
264961650
215186537
125783001
259306447
103660878
173500625
110789359
043974549
261258937
182488386
145974957
194441914
125249093
020439152
038227689
054215304
090773223
058940403
063662218
113822508
052342036
192360482
053135475
216509421
123710458
193813684
103677524
211091119
073878790
189419108
117029430
133943929
233598649
065219548
146593281
197882671
119842665
259148079
109746431
095190701
150990477
124913606
095270441
187238621
255029725
181170253
060801188
241893435
255470613
084434229
067264921
122867004
194789953
171663645
047169477
013050066
226157966
264086067
032767156
133859800
182102569
111625164
100891345
173430010
097271748
244171180
240223409
046377198
123819453
175131510
117478815
017493828
013060760
093934142
053861252
052557402
116922657
014729761
175213841
061922545
032980830
165833711
048050660
225466568
000047470
158282890
153831123
029547829
257478838
154176693
133455481
090394936
133759953
107740974
012494255
096549416
074415643
136080188
049421909
192337487
003398194
077504446
013078831
247899573
168050292
209886317
160195395
018822458
072675017
094864323
068204185
048871222
115637957
255412247
185868499
085248560
181977779
010565320
232434295
264761483
099995967
116771001
124444005
254029167
110507903
179602779
236651360
241358042
118267143
098185016
118918163
148433274
178412118
029581299
193024618
135180300
024447510
134113486
206275880
055751641
179781146
248995652
004029077
191345267
099471138
212824652
230394822
197972972
192436006
220995831
126045373
202237504
079039794
081452156
042394894
020902943
169062996
166586192
212195017
242023070
017727445
110470278
215448561
158611809
162985617
193784344
211592620
115383366
011728979
172876987
183686445
130230960
004786114
131309622
208078670
264846987
017552876
140263804
139822456
094982667
235374349
077066787
113543772
184871496
025216856
267303425
011551220
117878019
253244035
071741732
166829455
169761805
110037339
026181012
148461924
104640026
177668426
070089935
155283314
165586222
066875183
153051968
174134832
154094004
245389615
073275374
041372219
160029543
112766757
214385595
220162898
223289890
086855256
064505497
102192387
085064038
177222726
145003568
010639134
136308163
015186190
125369339
075523436
189340935
140304958
172296720
034592956
145664153
148699451
098308307
256879104
178326825
029640227
174493702
268015621
231403633
239196085
243359383
003959023
052603820
232331527
224210330
233729936
127917488
017304718
147636634
174589550
084190488
229665776
062271931
029990665
061559353
182034233
150086636
179694660
185625469
100696741
045606460
197965387
263285497
021208795
203775311
095007404
119012032
048798428
197715982
108800392
017772313
020021786
265830054
177857436
022884846
172507463
048948847
165741840
207032525
153261467
127158003
022725640
241173673
024154944
177732165
235661091
162917317
039030848
057212330
234030386
189884291
188605744
035260107
111792105
187294304
105496864
036559368
026557279
083865773
147643160
065155313
079874674
122613925
253938808
049607393
256416246
020144576
186368458
181927226
025651790
215413651
198212615
028077408
054278771
060095157
022074044
200371896
159410226
050611584
159915030
045523518
094849247
026257285
173358821
145928494
044222597
158233030
166568737
129919751
064449081
131610569
184893604
001049956
147996141
036403952
218285796
225592839
167922772
170699321
238516159
072153125
041342484
089192755
045312392
104865814
147109706
033795293
253521566
118310071
108994468
195101630
247357343
137349862
182916001
169113749
257980565
036465761
254934351
017039264
102132119
191870326
154292896
037108727
063875203
017798619
040260435
010572028
157358405
081630924
082545341
068469759
104075683
052568745
007196744
144186570
213698909
259485667
156986077
041176162
216007764
068920798
110290280
209137192
048875350
044076764
211515443
260317762
229943814
080900472
043834529
173489035
032701888
044501971
112466451
045258245
087063385
259871664
163730002
128784127
040836066
213613416
206787654
032886892
127445145
243937994
103560971
232224710
183887056
161443219
103360486
221486980
255596477
250583372
244539578
150915796
125685046
148197982
214122678
253738862
145497667
220276157
069062325
127684105
267499461
152602729
264288074
247803464
063213707
254776319
191856131
079493863
240537819
038285913
186976892
248149158
131529775
232611209
268037156
016521834
245278511
263849032
129788048
172283004
242739467
192535737
183660411
158523145
084475680
259968543
179910407
251085081
097980051
161034142
023024046
191351532
265735450
075954382
258294455
258508589
110865808
096598604
139605458
037366875
251003069
084097663
024390201
259489940
120719790
107951243
015834922
128361335
193712516
221621708
266182293
163544707
051724908
224488937
225669789
081644441
150580855
232103227
017339510
157575017
073775276
147464455
078445857
071522214
192700587
205044721
052817404
260788845
232187342
222244816
163151099
134893875
223964534
201722185
028346452
262349829
201014617
101090994
039058646
222730469
108087911
233624370
194329395
060661947
086270781
225610792
112548983
074008616
124034067
098056970
213988422
028520687
107949472
214685546
055679503
183357927
109272593
088137829
226853996
054242043
156754378
255317184
262991136
226289559
040059201
171316612
109875055
233119716
228093437
094226475
234155249
145318942
048412832
160476713
038172859
162119804
250491681
224460743
166612321
200618850
139005508
064137373
059552834
137134235
060020046
220773893
256967551
173589687
089711487
066252175
070349286
144113201
154954814
180107076
143410115
106958435
083674200
042032442
218933485
197892144
095407446
256000474
167805526
187716936
100107291
226758756
127115256
103675519
220919331
207708234
232588931
174611245
050088995
264526960
134948220
158614019
213407942
265781011
107049143
176211530
267421744
170502814
070037632
217292695
211821809
248666963
253641642
100654505
225030999
107407844
048782310
142567237
098781640
217687237
041481942
107918611
115388996
007619408
035971856
179944464
139633009
206962735
204185599
017033307
028864366
097538964
249471397
201741271
144470742
033081945
238069428
108283466
005986728
020126183
266295783
158394479
157147941
253445013
254947318
021402776
184960846
128544117
010210133
143934864
186871588
043741563
116056174
061467119
016971870
258694138
041061682
262250087
168791050
118257571
239542462
142921435
118706997
141873191
017037336
197894789
132524235
160571026
191560892
192425119
087569472
248073756
169163777
061853124
248017258
136795080
031880129
228564370
024936876
030053246
082612140
082527253
197375161
218209586
010795139
055697686
015142250
185136362
026868480
083814262
089943600
237690000
231081295
051513090
136429724
035147692
158221258
063303918
030525711
141500134
158209179
234975973
104459107
028993256
172767767
110598702
243196114
066330103
139973473
263418653
135226385
161336385
028031768
233244090
092993490
076629722
171065126
248225778
235282676
230822797
234141864
212138519
005997375
222977692
065221057
206849403
220936163
074142813
073965478
216592934
127884470
077833273
234880145
107317855
158900507
228840494
156629769
139762121
039881035
051387499
155122680
125347766
020210836
240377993
152226013
208453631
174418580
131435441
267752833
256519102
003162999
124771806
166016667
031207614
197971016
030598262
052728355
263932968
121073504
114782449
112189215
125744315
041522694
175256437
005898875
204206371
116098006
163974250
071914027
157820766
201714426
143662246
188637553
239841452
200563915
068471857
129506847
250528320
016126351
200601434
012941334
191686583
077497710
088568840
254378081
249130075
024170197
183807254
109491261
113653216
193252126
149961647
032552554
154873724
197181094
207639021
051232004
005855560
174875726
029166694
206763352
058416232
032150320
149545411
160005386
035160195
252741242
086242560
185683361
103829168
170598405
183317623
179596729
177934825
118762534
233152574
116698974
106081553
112495860
116583804
244227751
180273722
072183676
087740749
130093735
177969021
217432209
084354753
215762385
039594021
011896524
244005247
078003851
236945563
267797376
212585237
080188451
140252012
013936836
131864567
021091143
142508666
002011977
139620457
049424444
058119942
029120310
137342234
091988026
027340900
179199465
149825206
129138737
146346140
241307850
140937767
249149751
173819906
205368950
201469196
033035844
252734760
138619596
242663982
189454044
123145942
156989937
216000300
182342950
152901418
122782349
229481595
201887781
254239754
200874609
255718259
252294574
079232268
237839572
229617094
188681798
011313856
264669186
031934890
175397123
122837847
001274487
150981176
048461752
252549194
203409495
183053403
084830107
203055122
179237005
039986392
088654895
131188980
147538083
070530296
212570552
057986834
093260046
113842786
119197095
233897221
236492690
164470260
240502824
075163010
253833501
032882152
039395522
242826542
159753783
086780386
004823094
261371961
085310375
134778741
098724414
149715281
060662963
181743572
217067907
020482904
232897410
257221286
155765695
107698349
035902782
129615422
163394148
162700887
112400718
115196528
166102507
020061989
078843240
252219209
153933397
145728086
261957336
069543862
064778478
035986865
246785112
053993017
146408495
066108761
169587062
060658316
181024850
239614193
065123564
052336628
079152810
236025904
249671092
029735069
004255986
006514729
159445524
053467182
174982899
034602042
230144595
058955588
105682503
171994733
044477101
227769535
092118633
079183630
215391241
234810913
112817937
014135584
167926845
145498149
057776572
259351536
179601310
111144051
166149478
162049794
253626772
240637473
020744408
194654716
030114524
052600536
140446748
103641867
211826845
150378713
163859734
246725906
004393912
002780464
254178467
044092724
070208214
232395026
129306098
125459897
259839202
041393292
146435175
095336534
113744424
018904530
195300642
158886749
082144995
186416660
094769041
209310062
237081659
152823269
249527715
099721679
003404662
017896534
115514205
260245711
227470110
199566811
204665140
254816040
244982373
102918498
082207029
037714956
244604631
114144065
170834416
263329789
086746275
004630558
011064625
065426768
018921384
036767478
262185963
219338225
201708130
191275236
219544972
005078799
257022847
068823321
160806527
013988847
006281765
209430682
052013912
178780077
225869435
217417876
229403534
222938399
258891337
111351541
177094096
171596059
231509517
239135878
218724868
173396179
167910246
149993761
148985859
232879572
139063821
193051108
077304722
107617207
066691206
041819904
050971570
049306007
100500402
140580524
155517602
167059996
225702495
053943000
010030008
127829672
250440947
207977832
203012087
028867360
056865331
204489545
215935320
163391309
257502266
048619302
022496456
158829689
167145458
136877905
213666466
183199342
139969586
167139795
028781808
183530899
200703029
198303556
066500306
000268683
031474915
163364716
248573182
172154531
050357873
159041523
048239510
194163162
076553016
200809767
039281158
078566874
132049077
074621900
239470482
201313368
016015143
139731681
050924852
079635205
204257067
042272146
038547208
241252036
189477788
236160134
015516483
182583790
071487941
267475904
068930148
037366075
160401985
174909476
018416622
054847416
204473353
183535976
228925441
064414073
045790079
183217790
229709066
189285973
027603139
008666625
245008984
024127275
019124983
128953812
162204917
130853731
082630434
248305515
254325741
024916331
115122142
101685603
101495171
008876392
196744662
249426884
084912308
098765901
160888736
046240706
246014363
172265941
217283637
034965191
121237945
072379529
242343335
009383580
052631026
173498714
069378773
262221184
239433000
000811384
098474400
185567442
112025110
103343502
214512064
166881527
161819151
084541506
097490452
073893894
022270068
078147320
065813160
026967373
038997852
061299852
014437474
026916830
219428595
218482725
030445342
008667836
243629649
147674413
261761247
134527976
106088283
228803791
208615743
260725438
252835228
196777642
191520771
033332822
073069359
244465287
228372297
233645949
220689331
140402646
094192337
125963479
097973163
028148408
053655928
038557866
101571757
134475662
004597431
074802397
175221412
095553377
020321552
046863478
246762449
003564429
239431622
125121030
138029560
216620231
169890182
008660372
159112193
106201918
083898913
038656327
144230358
224974199
143503748
106070515
035183134
151006924
107426343
245414778
163189423
156559022
211102592
113504130
077688407
247478397
236491093
217954816
114271269
267705733
067467870
061914857
074260630
010321181
119898985
004581824
166995344
072233737
236484522
029192178
163331737
265702522
159923392
160218363
226848964
261068182
106468495
000542470
095295794
151382923
234057921
018102526
091086285
196335298
237432847
148550145
083421272
244820133
258594804
190000485
192223627
061653579
048627805
031943841
032046655
202369335
019893775
249885664
016767047
143178556
100419591
205687857
183846452
148836525
200681858
184822918
231321834
116447022
212611883
167973919
016833597
084848994
076716154
188888315
217564813
245948432
225066083
074714081
215357363
224911253
002340487
085943421
239522867
028185094
146423819
217590670
017160245
181401026
055265296
203152608
259190533
030903613
260315163
240355673
016787771
029359769
179489252
170665891
234564018
137383412
072922265
181570492
225027794
012052848
127789379
111269992
086402853
216953925
233361378
128237981
193135004
228177125
020717149
077006449
004701334
030249592
222909627
170808474
197135785
030145462
082581286
082959293
182786058
136116188
060156127
214257437
127103901
176152433
217237408
204060126
151216959
052433485
147652561
073003593
180464562
149345289
080381815
123067129
220687982
017868458
047413698
034789688
099021825
187287291
202672933
082233097
098266605
044004622
191659357
117616556
224412842
192087937
021651017
132226645
089108650
091741781
158345654
187315755
036245004
038369508
134745364
185125720
266390440
110485312
021864782
012559792
006782418
107087123
163643423
160208317
188415444
257527478
114123420
093071273
096558120
005121935
027449145
024592147
194778857
259893675
098163705
244683186
139100968
106094930
225442530
089137458
236339593
014962663
223440172
074347751
111995425
172484727
098626532
112630342
239491164
266453521
097805690
154022011
199162202
057160914
000787926
109593101
169279777
088186262
015238145
186829893
004391349
186052934
085665037
054487973
242180404
118147720
243853246
066623036
253027218
052123646
123201043
245361781
043998434
266363534
097771816
197985809
179379539
050512698
091540922
259015170
097785768
111968684
036883801
233745672
164494931
199692305
216783064
094540912
133467079
175715520
111440119
005662679
107886145
252984255
133640853
253634202
040876695
237262117
080736582
098418105
016023740
126624981
002194980
078600125
061026911
106434951
170206167
110158481
188255556
204270555
023268065
118248709
066583536
242919651
172544370
104512145
074802168
210551078
056837942
153777630
032145291
137972125
258998212
001803696
141464085
024626057
008359483
031910285
033877719
154982167
117107413
211094865
145884800
051690190
010844073
019575573
101788674
030612617
153608563
028840813
137565247
221667395
047850547
261503475
102880025
174048005
135230841
008926212
057913101
241037016
028519495
107571306
000935339
065582929
176442361
218717923
152879429
017319689
058732185
008263262
061557592
206823628
197029406
160676762
130812690
231303165
149458864
118842793
024491498
052910263
023221315
248041495
166014232
026039427
049576061
145147417
052435896
230366756
161133940
026632260
040578858
159921543
019626792
183519304
179925483
139677431
242524819
202476418
192291997
160700659
131143845
119261869
106838292
139707520
108529845
156365404
039558475
040406909
168019478
159821504
090367626
260636090
087099439
091902906
008725314
131938872
092246713
149639616
264289351
219161863
241167955
012366981
106063129
120322542
111997390
167620690
211152782
246603117
022636899
079837802
023599146
221005255
190037010
239392870
179291689
148420312
137569080
024054704
250707419
250336700
093074250
050290484
132243708
252256752
264812974
195161905
096154462
098862982
104834171
149216241
024125943
135729010
190425733
214099286
199026449
151224371
107862609
175930652
130862934
179434222
000847464
231919464
161857224
209299268
225626239
098809861
078018797
186475810
028129522
040064415
207985837
142713179
154015717
068087712
064973863
226799613
219466277
183316695
201464592
265052950
169331194
226276440
082306726
099675957
187175095
252695833
093505115
266717937
061904708
078032830
232461588
236217169
131992762
027970211
027470200
099538031
258813765
173878785
120396015
076126734
063118360
098241032
233095293
089282699
040262337
079982688
112354718
037342240
192542807
242439457
068182883
124469676
138230691
246384565
226360729
261449555
036987989
220547203
136643169
054527993
153503062
009031726
027247076
122261189
150112534
098713013
223562327
243841370
238415428
115220007
137724209
049636566
089733746
216366271
058010711
258780201
090579412
138055389
047144918
005763393
240225734
080397330
240824278
148371446
162005570
117540411
025607480
145994441
213629246
002952261
010352457
079209876
155599090
153803374
057815985
032715199
167383702
157631029
232906336
013980967
205900933
171713510
209660934
172344505
024691391
124249054
256849521
020815175
104455395
240377996
070336292
263820296
044983734
051525419
096272716
016233866
246550572
246733066
159010988
163832887
190133613
266349981
214101048
129976625
072863813
010102084
163693048
218859432
183596632
055466332
193301625
090588830
177873296
126722662
183000049
106992309
074434858
148324420
015205156
222622412
266782311
038514471
030739974
204406345
184731713
142120578
239179836
117186894
224169427
063006105
101081239
201095855
247495037
168043530
045327144
130019948
158629807
240242045
076412669
128529270
096033962
040152268
227989179
009562049
039131983
009274289
125696083
186168434
093582026
143376990
085899267
258469317
169578129
247883364
065146474
197288659
181022482
055786930
022408227
134284613
058540023
148250125
004738419
024265875
158857957
251504376
098333803
167133497
215096118
022901861
187061682
170398633
174384710
161649123
176822089
015417723
100944095
254265761
010680253
004582208
062272965
162407744
052205001
032355588
219012067
037794316
092889813
244996681
028095924
016976987
135825955
003860417
039457007
065757906
150350272
019064922
065609492
145723558
105439869
178346772
160598331
241576792
090692484
228040684
213326628
085255427
046509626
033314980
076180380
044660983
154301212
058760344
093472442
095640740
252002674
255621213
191376688
056986129
145545377
249492251
256700841
135951333
129876933
118556745
031872530
102760859
063052081
096489272
166439735
228813349
022718810
022999922
004707955
198170678
142715893
060773133
052788444
201211766
081410041
115646777
043360564
026545855
141122416
030334333
191401166
070728973
064987378
035996407
256766012
030771378
195354605
139005969
100504237
261946790
146610445
140411677
072623676
184384239
011632210
215620576
117307529
259669034
246220059
225271037
128981762
160925561
185873319
028177872
015939744
226656491
103599125
210248999
060163975
209495488
174384564
086664855
102866399
228349041
091189116
010543671
171399562
051116680
260569926
224061459
200032538
004551863
051494650
171619419
085680227
025720675
194761235
041750437
124171390
246896074
146825313
248889360
012468046
020510484
049258493
004254658
015634801
081453602
147555906
042666682
021840051
032080972
174966373
219089544
162072779
091824595
010712550
051906413
136593146
210114213
128769924
151121961
025983773
092193941
256234082
215412653
210067240
157662713
216444243
125580459
018298790
099876646
176510272
173369723
250043776
036046352
051526003
208457622
058491043
169759551
040744018
174760736
037139828
145422785
077020404
154112076
117153360
140144652
257626791
015152434
143933826
176547056
175008945
268275738
143881823
058756471
088290570
063435580
190254093
085730598
156538748
055144261
070070872
143563032
008793995
186416259
096471909
160883209
191427477
071388063
049067622
190267012
195032720
178933117
124616843
065817181
199027496
062190497
015031272
026204318
261597836
073474645
058371777
171626707
159955678
251298470
099338078
119780834
258353760
236351109
249602809
114625292
258746864
185093181
054652287
122390690
226126630
233333594
078489039
113301154
087932720
052384933
057513035
057998783
102093901
062465639
026329486
033380670
230997980
091531732
059878080
090274375
037887617
043887997
197748686
259204632
157496712
253414831
064300663
176520664
018984934
121562873
005319458
210613461
035623545
129070727
198416673
058549149
034391817
074173591
017813951
073232590
193560181
121438434
133270476
229101275
140355251
088531387
222261366
078692053
078849376
030999590
183790365
239497605
249931433
055609463
042560690
227704082
137099043
084508359
137094395
066882132
125664222
128190311
203368202
022803258
179072572
202177038
021200808
115910763
191018695
102689152
036538445
020887700
071483005
064672163
251395513
236007500
088833408
265122746
080328536
085723462
178369234
258009533
238611023
144143397
018976832
087257215
265171749
216070785
057081586
079344734
107801611
121935706
196531212
031508396
011874198
072160718
070947832
084798531
017405796
007229227
104982979
172126334
185425420
204153061
119846737
161021829
034055060
259031615
192501114
132003645
020322625
205893315
019635550
196298723
104452994
131020850
074464494
245717303
054471277
263655490
242624455
180094036
259082842
088139170
181761473
254376987
259408199
000241019
207654241
155442693
184295129
242469121
067051802
255218215
122657234
084878161
235635920
035176758
241790542
042195466
188714029
013245696
117249711
071693185
066055042
103353971
196287438
119442365
121606122
233972980
106308462
162762568
097467701
128056836
167059326
047964133
113068821
197811756
191324778
154451815
003659659
245205991
256621354
210992048
252609176
198369472
226446109
261624178
120095004
065136104
080350685
247036284
138829303
212073271
034906392
047651955
046337467
230879611
099553361
217579681
230196027
002143368
051877849
265321284
159401239
018505083
125628087
014186036
130088727
197977383
061904208
072476567
119606258
228988971
085966879
057142019
024974683
100956574
061356944
133881822
160175846
182497247
103739723
142672191
159678029
209857863
254112632
039360236
267350539
012259735
188532106
024593833
242031214
191071352
065202244
126767552
090294948
244582495
107127007
246245967
042817298
205295410
170569562
211494757
071156197
263370221
236315263
146095500
080923298
028916170
239825467
086377481
054263012
080526387
139829361
047372683
050195111
003647218
036604646
076885414
241204529
191340377
100501455
246576658
177425569
224636904
224254683
182909017
167232925
173956381
174530681
197928355
255406129
060462511
016796914
050606313
069872302
099620398
024131473
104894128
117255651
140587745
229564821
097820454
168813977
114728965
179982369
037090225
097798827
079387012
177927627
218367582
060360847
147986493
157173655
252336874
255998720
183103501
135034461
013818485
132582161
051427797
203915009
084701043
031753344
168583882
165174341
048022392
074221616
244132644
056815095
160937843
022350377
123342636
107997095
099333851
096212678
244467907
232924771
168852433
262723726
079794287
054990380
245397382
149009951
193073882
186052667
260426668
124161905
119519631
119076244
096655770
039580880
025748880
053028117
260511554
181439449
229757806
099170901
034969520
154416277
057983770
087017489
198453842
125525770
246688617
013183634
254315481
050750728
160476005
041165853
212825966
014040469
039319316
222830130
157374985
105252280
009427367
225576868
130513789
153364973
185024105
109816402
018054770
264914633
007556240
157070259
068245006
264644713
002383252
139901221
159249922
220980313
168981074
063560421
253139367
246660387
021279804
192972731
103751363
157237120
102342283
137994770
142502803
028756661
144968127
080004643
005068478
108770968
050865852
211288639
184224537
209356286
084312594
123662793
105009630
243397934
222084170
240062401
016212736
110194430
099834462
042325499
231408666
181820773
147138757
020657950
052660456
173439707
169465597
155037049
183852411
231173836
158658259
061742420
022573375
018405604
052461307
171581184
046782180
186963001
211249904
113865539
063414372
196132097
133176415
030855223
002429561
156302989
227410900
221949867
185324248
042455612
184504056
202796395
118852836
062499726
188850152
244337450
150060633
178164866
218362136
023594454
097800822
050383032
082154872
154013370
088506526
223297859
141901485
083501865
001041365
035245688
047565931
173882607
227860650
235543013
211899422
142761148
249172577
123033133
108288061
103829312
240259241
138297684
011685100
134546071
126129576
193811702
250722835
094033553
194508998
067784978
121230657
233298360
001087051
093593283
258346445
018276152
069373615
090813588
043791462
075162552
149416389
233762276
124194382
063752578
216913728
152656448
022970178
102234137
142409660
264657248
238134086
105125353
198458810
201338050
072423284
118188595
038375236
153421143
260541785
155270756
067643896
226053603
221565923
014996962
000376459
188323006
077635247
023874596
074090069
091393449
085885460
263726526
132210821
073523781
031683410
237977906
235842738
107189706
061307854
201290001
130396940
046961485
068464965
130054324
051665278
075332188
154988386
001656973
101735139
090954493
043461157
100303358
020779771
106947211
055186346
094263752
209779591
237094600
038643479
158641703
159719443
188418783
129193261
052232786
015750254
030928743
074034428
172192009
242860753
160207555
197606883
229024789
231423661
030436185
148947735
241123511
223064356
083167879
113980421
185478819
070344578
185771775
097176913
050203588
106152291
032656878
253898787
221380641
107289850
128581702
230354089
119321829
202151299
079886969
117351995
053146631
058587354
257288674
243436209
245980930
007942367
234479249
035488363
181104766
173163063
189285928
108954129
227708626
072290632
103627610
054267795
160025173
069873506
030820151
216218431
113133683
008530883
144918011
115809205
254854026
231794470
003568538
238720876
060150242
243126177
127141442
172167668
110667854
198360992
036363027
087001388
221487596
065081535
090502209
135152472
178223166
262947640
093039614
086204268
231185227
169518783
011763798
048814676
207873270
241107638
073805957
043643676
069492763
225725049
205751902
251639348
020456460
024085315
041062503
184147850
181659819
194015369
034953359
081927295
081170764
174530046
149994680
213578983
058590753
086837451
231978481
073535619
082747879
162454057
233036070
105983886
232877365
253339119
145552272
215088564
218780404
162295780
129042163
094419740
248374985
109285064
111022502
093027966
021553809
170874386
035345830
194206697
144889743
195833564
251272368
123477309
043094096
239517026
015640762
014186463
203969529
218395054
001366341
267652903
165985558
199802442
202401980
107278677
036590349
004119549
191984853
041202061
246593853
017874805
256887099
195656164
004609286
151777171
192552420
260433438
098385599
073690073
144935465
104484467
224309385
205364405
163823295
023032116
097875552
022808914
007838466
174320082
106215309
222862670
228014909
051129433
228987107
212413086
106414962
195902188
157494103
240730602
162322629
082792186
209549852
032939086
062862053
208207431
042903145
121315736
076418194
089002140
116251797
177872526
130572452
097355368
168069018
104303829
079443214
153305718
096467226
113642747
141433476
172584665
047988486
020665338
236000521
040668553
043823849
100042031
094210365
163936065
073929178
038046625
028894351
206740118
118303249
058433543
268333761
161205671
217953512
069071557
206392856
026981695
087590065
167156364
243206158
179395916
042259363
245339409
032178434
194106383
060367093
127572639
214006939
110431887
259308233
039346534
263501410
012021216
146746301
221791447
259167570
243321442
250060539
214736895
126245575
007152127
214301719
068666907
256853960
109421008
043246287
148582979
059342085
149128098
185402798
061821150
118620569
032132946
080684833
234646602
152509245
174038140
233490919
217592372
188714023
071983339
061830064
181501694
218623570
024504896
240968264
011315771
186124794
075109997
200624547
192698446
060013225
098489859
096710352
058555471
069445517
121455597
048084864
026886734
103235218
140744530
157627374
146431190
150692856
088519843
065908840
022315061
092394352
147570403
163172301
060856014
085134613
039116737
144571906
108053403
083157637
009688309
233798700
089333582
015848988
014983880
190998792
008456122
174922324
248621278
161872377
209461149
034524065
161334639
206931406
259663016
249041240
160452464
206229411
165856712
056693794
020531775
261297422
235479993
052649130
191915895
258788375
005871853
044205743
095569252
018784224
189960543
009295916
021285923
063605214
262907062
240832129
037821746
184808401
035961291
244184138
056563644
021811443
144490952
224723713
112023557
130223736
208117020
204167474
122672691
106840983
219951078
046735271
031704027
020009321
184297888
175980898
117720227
107329466
254592339
242319431
098244212
118032377
200561690
063150389
257816719
218687576
021058381
130546163
105028408
216908061
082471657
183538661
118253759
179495753
006413609
067473937
103594490
262242385
048619565
211838641
264141647
168574314
001649244
006520103
024014039
070798018
118898660
257142357
108087691
155553232
196126830
058922000
016629881
008629106
086042417
054413944
031534398
033413287
245252215
266052695
220743297
080162359
030518817
034584047
068102526
230095498
204817008
173560278
061388042
182565349
169162911
193896858
169560821
143355009
003831324
182605594
029866088
182491969
256173949
117571138
035661456
085819585
129866422
093933931
220039431
178715248
075858376
214551051
041392224
192265952
020036401
154301654
067333702
253591291
098150372
004681377
001532197
148009332
267990875
025642033
132550231
147078818
032127694
151348168
249276637
135504917
160147760
020324426
005143582
076631436
120634269
221644607
224693191
230373542
212018433
131676066
195556705
096880037
134753902
129832883
144911693
217022335
027320028
204644179
052292679
096420644
085542576
227572477
242580434
026035877
171867378
136989189
098511489
238144709
081179714
265757929
262348292
035395929
014136589
102206665
106464854
041142591
110310096
138219390
219653690
001475528
047157795
047960447
024525352
223077976
111747325
258297049
116641208
068160637
131190837
263864680
208574919
151699634
209430975
169999922
238843278
183618006
118004663
072320973
207250322
251307372
160667735
100122458
147534056
099689256
188471969
019947653
164559274
103621610
072749953
118701713
057043901
017853368
008591256
013797677
012334355
032503415
060877735
057647783
080436433
114542518
033821457
017380279
150466586
192331244
163832644
020543407
079675748
068304317
018962552
198350117
212537030
117218574
048363577
148405053
037789213
151926090
114367650
207895941
050780174
232589333
165241337
203611405
064834702
080554340
121462435
026299080
222937073
126998938
045591202
023081615
030899634
058563007
236217801
122270454
003518919
079200869
065821643
077236716
244010796
006027702
122942630
109798618
136388372
092831328
250069290
140256127
239392219
071700765
003801902
116415457
159785757
094298545
089598765
162702783
003867295
149870931
234738845
124921838
249741769
230529090
088157661
074129563
138156549
164844554
099276687
267627515
231106260
076234516
045635994
149188796
184592542
259846846
005655278
170083069
051618865
108048937
063812106
091793456
038017883
077673166
067659688
210313646
117111981
002034956
002030861
200582399
180973731
060075495
099951339
246447867
203493789
004097751
018849129
250498637
245167478
064710920
088058200
215899315
167241048
105720494
126355779
008221352
026551329
023097316
061225944
126176499
119318444
090381846
128592610
191480183
210801559
099663129
108942900
004261488
236015291
121586726
167021022
089805888
188550914
222100276
145976183
